site avenue street desiredtime value
1 99 54 118 70.8
2 58 115 218 130.8
3 71 159 73 43.8
4 52 142 65 39
5 20 86 55 33
6 81 64 59 35.4
7 56 190 185 111
8 77 183 145 87
9 76 52 165 99
10 99 147 97 58.2
11 57 195 82 49.2
12 14 167 120 72
13 74 129 199 119.4
14 28 134 32 19.2
15 71 184 192 115.2
16 14 80 163 97.8
17 7 45 69 41.4
18 35 193 211 126.6
19 0 107 38 22.8
20 93 105 164 98.4
21 70 166 171 102.6
22 16 144 225 135
23 12 109 35 21
24 85 73 82 49.2
25 92 185 158 94.8
26 47 92 183 109.8
27 8 122 90 54
28 27 111 167 100.2
29 9 96 79 47.4
30 27 52 125 75
31 50 141 173 103.8
32 79 108 222 133.2
33 69 82 218 130.8
34 22 14 161 96.6
35 96 177 195 117
36 23 100 222 133.2
37 69 151 88 52.8
38 95 141 146 87.6
39 48 112 53 31.8
40 3 3 222 133.2
41 32 145 187 112.2
42 39 182 137 82.2
43 37 112 38 22.8
44 43 185 228 136.8
45 37 152 119 71.4
46 90 26 160 96
47 78 19 61 36.6
48 71 121 80 48
49 26 112 165 99
50 33 44 210 126
51 58 63 156 93.6
52 34 192 159 95.4
53 56 39 212 127.2
54 76 88 196 117.6
55 90 94 118 70.8
56 24 40 80 48
57 57 138 129 77.4
58 8 72 153 91.8
59 29 101 90 54
60 15 127 229 137.4
61 43 59 42 25.2
62 20 137 229 137.4
63 33 26 49 29.4
64 25 69 141 84.6
65 72 90 165 99
66 39 173 75 45
67 27 64 153 91.8
68 90 88 175 105
69 20 45 129 77.4
70 57 86 183 109.8
71 57 132 37 22.2
72 29 62 124 74.4
73 84 131 72 43.2
74 95 191 67 40.2
75 87 168 42 25.2
76 74 175 129 77.4
77 64 88 190 114
78 72 171 124 74.4
79 9 158 120 72
80 21 93 228 136.8
81 36 100 111 66.6
82 65 37 202 121.2
83 34 106 85 51
84 21 91 74 44.4
85 26 59 49 29.4
86 56 105 110 66
87 16 188 166 99.6
88 43 34 100 60
89 60 131 34 20.4
90 76 55 76 45.6
91 10 7 182 109.2
92 48 49 185 111
93 28 69 43 25.8
94 5 130 127 76.2
95 29 114 216 129.6
96 63 134 88 52.8
97 46 180 54 32.4
98 93 190 120 72
99 53 49 89 53.4
100 74 66 101 60.6

site day beginhour endhour
1 1 9 12
2 1 11 13
3 1 10 12
4 1 9 18
5 1 11 12
6 1 11 17
7 1 10 19
8 1 11 13
9 1 10 11
10 1 10 13
11 1 10 13
12 1 11 14
13 1 11 13
14 1 9 12
15 1 10 12
16 1 11 18
17 1 9 13
18 1 10 16
19 1 11 13
20 1 11 17
21 1 10 12
22 1 9 20
23 1 9 14
24 1 9 13
25 1 9 20
26 1 11 15
27 1 10 11
28 1 9 13
29 1 10 17
30 1 10 15
31 1 11 19
32 1 10 18
33 1 9 15
34 1 9 14
35 1 9 13
36 1 9 16
37 1 9 14
38 1 10 12
39 1 10 14
40 1 11 17
41 1 10 13
42 1 10 11
43 1 11 14
44 1 10 14
45 1 11 11
46 1 10 18
47 1 11 20
48 1 10 19
49 1 9 17
50 1 11 16
51 1 10 13
52 1 11 20
53 1 11 15
54 1 10 13
55 1 9 11
56 1 9 14
57 1 9 11
58 1 11 14
59 1 10 16
60 1 11 17
61 1 11 18
62 1 10 20
63 1 10 11
64 1 10 20
65 1 10 11
66 1 9 12
67 1 10 18
68 1 9 16
69 1 11 20
70 1 9 17
71 1 9 11
72 1 10 18
73 1 9 18
74 1 10 13
75 1 11 19
76 1 11 20
77 1 11 14
78 1 11 18
79 1 10 20
80 1 9 19
81 1 9 20
82 1 11 17
83 1 9 15
84 1 9 20
85 1 10 13
86 1 9 16
87 1 11 19
88 1 11 16
89 1 9 12
90 1 11 20
91 1 9 14
92 1 11 19
93 1 10 20
94 1 11 13
95 1 10 13
96 1 9 19
97 1 10 13
98 1 10 14
99 1 11 16
100 1 11 11
1 2 10 14
2 2 9 17
3 2 10 16
4 2 9 15
5 2 9 14
6 2 10 19
7 2 9 17
8 2 10 19
9 2 10 18
10 2 10 18
11 2 9 13
12 2 9 11
13 2 11 19
14 2 10 13
15 2 9 17
16 2 10 13
17 2 9 16
18 2 9 15
19 2 11 20
20 2 9 17
21 2 11 11
22 2 9 20
23 2 9 14
24 2 10 19
25 2 10 18
26 2 11 18
27 2 10 17
28 2 10 19
29 2 11 20
30 2 10 20
31 2 10 14
32 2 10 13
33 2 11 19
34 2 9 14
35 2 11 14
36 2 11 18
37 2 10 20
38 2 11 11
39 2 10 16
40 2 9 12
41 2 10 20
42 2 10 11
43 2 10 19
44 2 9 19
45 2 11 15
46 2 10 13
47 2 11 16
48 2 11 19
49 2 9 19
50 2 10 16
51 2 10 15
52 2 10 14
53 2 11 15
54 2 11 17
55 2 11 18
56 2 11 11
57 2 11 16
58 2 10 13
59 2 9 13
60 2 11 11
61 2 10 15
62 2 11 11
63 2 11 11
64 2 9 19
65 2 11 11
66 2 10 16
67 2 11 16
68 2 10 20
69 2 10 13
70 2 9 12
71 2 10 20
72 2 11 12
73 2 10 11
74 2 11 20
75 2 11 14
76 2 11 12
77 2 10 13
78 2 10 20
79 2 9 16
80 2 10 14
81 2 9 18
82 2 11 18
83 2 9 15
84 2 10 17
85 2 9 20
86 2 9 14
87 2 11 16
88 2 9 16
89 2 9 20
90 2 10 15
91 2 9 12
92 2 10 19
93 2 10 16
94 2 9 20
95 2 9 15
96 2 11 19
97 2 9 12
98 2 11 12
99 2 10 15
100 2 9 20
1 3 9 19
2 3 11 16
3 3 11 16
4 3 9 16
5 3 10 16
6 3 9 17
7 3 11 11
8 3 11 15
9 3 11 15
10 3 10 12
11 3 11 16
12 3 10 20
13 3 11 14
14 3 10 18
15 3 11 16
16 3 9 17
17 3 11 16
18 3 10 13
19 3 9 11
20 3 9 20
21 3 10 18
22 3 10 19
23 3 9 16
24 3 11 20
25 3 11 20
26 3 11 20
27 3 10 18
28 3 9 12
29 3 10 12
30 3 11 13
31 3 9 18
32 3 10 20
33 3 11 20
34 3 11 16
35 3 10 18
36 3 9 18
37 3 11 12
38 3 9 17
39 3 11 12
40 3 9 17
41 3 11 12
42 3 9 14
43 3 11 14
44 3 11 15
45 3 11 19
46 3 11 12
47 3 11 15
48 3 9 11
49 3 11 17
50 3 10 12
51 3 9 20
52 3 10 15
53 3 10 17
54 3 9 15
55 3 9 15
56 3 9 15
57 3 9 18
58 3 9 20
59 3 9 15
60 3 11 19
61 3 9 18
62 3 9 16
63 3 9 18
64 3 10 16
65 3 10 14
66 3 9 13
67 3 9 20
68 3 9 19
69 3 11 15
70 3 11 13
71 3 9 18
72 3 11 19
73 3 10 11
74 3 9 18
75 3 9 20
76 3 10 17
77 3 9 17
78 3 10 19
79 3 11 12
80 3 9 13
81 3 10 11
82 3 11 19
83 3 11 12
84 3 9 15
85 3 10 16
86 3 10 16
87 3 9 14
88 3 9 15
89 3 10 14
90 3 11 19
91 3 11 14
92 3 9 18
93 3 9 16
94 3 11 20
95 3 9 11
96 3 11 11
97 3 11 15
98 3 9 13
99 3 11 11
100 3 11 16
1 4 9 12
2 4 11 13
3 4 10 12
4 4 9 18
5 4 11 12
6 4 11 17
7 4 10 19
8 4 11 13
9 4 10 11
10 4 10 13
11 4 10 13
12 4 11 14
13 4 11 13
14 4 9 12
15 4 10 12
16 4 11 18
17 4 9 13
18 4 10 16
19 4 11 13
20 4 11 17
21 4 10 12
22 4 9 20
23 4 9 14
24 4 9 13
25 4 9 20
26 4 11 15
27 4 10 11
28 4 9 13
29 4 10 17
30 4 10 15
31 4 11 19
32 4 10 18
33 4 9 15
34 4 9 14
35 4 9 13
36 4 9 16
37 4 9 14
38 4 10 12
39 4 10 14
40 4 11 17
41 4 10 13
42 4 10 11
43 4 11 14
44 4 10 14
45 4 11 11
46 4 10 18
47 4 11 20
48 4 10 19
49 4 9 17
50 4 11 16
51 4 10 13
52 4 11 20
53 4 11 15
54 4 10 13
55 4 9 11
56 4 9 14
57 4 9 11
58 4 11 14
59 4 10 16
60 4 11 17
61 4 11 18
62 4 10 20
63 4 10 11
64 4 10 20
65 4 10 11
66 4 9 12
67 4 10 18
68 4 9 16
69 4 11 20
70 4 9 17
71 4 9 11
72 4 10 18
73 4 9 18
74 4 10 13
75 4 11 19
76 4 11 20
77 4 11 14
78 4 11 18
79 4 10 20
80 4 9 19
81 4 9 20
82 4 11 17
83 4 9 15
84 4 9 20
85 4 10 13
86 4 9 16
87 4 11 19
88 4 11 16
89 4 9 12
90 4 11 20
91 4 9 14
92 4 11 19
93 4 10 20
94 4 11 13
95 4 10 13
96 4 9 19
97 4 10 13
98 4 10 14
99 4 11 16
100 4 11 11
1 5 10 14
2 5 9 17
3 5 10 16
4 5 9 15
5 5 9 14
6 5 10 19
7 5 9 17
8 5 10 19
9 5 10 18
10 5 10 18
11 5 9 13
12 5 9 11
13 5 11 19
14 5 10 13
15 5 9 17
16 5 10 13
17 5 9 16
18 5 9 15
19 5 11 20
20 5 9 17
21 5 11 11
22 5 9 20
23 5 9 14
24 5 10 19
25 5 10 18
26 5 11 18
27 5 10 17
28 5 10 19
29 5 11 20
30 5 10 20
31 5 10 14
32 5 10 13
33 5 11 19
34 5 9 14
35 5 11 14
36 5 11 18
37 5 10 20
38 5 11 11
39 5 10 16
40 5 9 12
41 5 10 20
42 5 10 11
43 5 10 19
44 5 9 19
45 5 11 15
46 5 10 13
47 5 11 16
48 5 11 19
49 5 9 19
50 5 10 16
51 5 10 15
52 5 10 14
53 5 11 15
54 5 11 17
55 5 11 18
56 5 11 11
57 5 11 16
58 5 10 13
59 5 9 13
60 5 11 11
61 5 10 15
62 5 11 11
63 5 11 11
64 5 9 19
65 5 11 11
66 5 10 16
67 5 11 16
68 5 10 20
69 5 10 13
70 5 9 12
71 5 10 20
72 5 11 12
73 5 10 11
74 5 11 20
75 5 11 14
76 5 11 12
77 5 10 13
78 5 10 20
79 5 9 16
80 5 10 14
81 5 9 18
82 5 11 18
83 5 9 15
84 5 10 17
85 5 9 20
86 5 9 14
87 5 11 16
88 5 9 16
89 5 9 20
90 5 10 15
91 5 9 12
92 5 10 19
93 5 10 16
94 5 9 20
95 5 9 15
96 5 11 19
97 5 9 12
98 5 11 12
99 5 10 15
100 5 9 20
1 6 9 19
2 6 11 16
3 6 11 16
4 6 9 16
5 6 10 16
6 6 9 17
7 6 11 11
8 6 11 15
9 6 11 15
10 6 10 12
11 6 11 16
12 6 10 20
13 6 11 14
14 6 10 18
15 6 11 16
16 6 9 17
17 6 11 16
18 6 10 13
19 6 9 11
20 6 9 20
21 6 10 18
22 6 10 19
23 6 9 16
24 6 11 20
25 6 11 20
26 6 11 20
27 6 10 18
28 6 9 12
29 6 10 12
30 6 11 13
31 6 9 18
32 6 10 20
33 6 11 20
34 6 11 16
35 6 10 18
36 6 9 18
37 6 11 12
38 6 9 17
39 6 11 12
40 6 9 17
41 6 11 12
42 6 9 14
43 6 11 14
44 6 11 15
45 6 11 19
46 6 11 12
47 6 11 15
48 6 9 11
49 6 11 17
50 6 10 12
51 6 9 20
52 6 10 15
53 6 10 17
54 6 9 15
55 6 9 15
56 6 9 15
57 6 9 18
58 6 9 20
59 6 9 15
60 6 11 19
61 6 9 18
62 6 9 16
63 6 9 18
64 6 10 16
65 6 10 14
66 6 9 13
67 6 9 20
68 6 9 19
69 6 11 15
70 6 11 13
71 6 9 18
72 6 11 19
73 6 10 11
74 6 9 18
75 6 9 20
76 6 10 17
77 6 9 17
78 6 10 19
79 6 11 12
80 6 9 13
81 6 10 11
82 6 11 19
83 6 11 12
84 6 9 15
85 6 10 16
86 6 10 16
87 6 9 14
88 6 9 15
89 6 10 14
90 6 11 19
91 6 11 14
92 6 9 18
93 6 9 16
94 6 11 20
95 6 9 11
96 6 11 11
97 6 11 15
98 6 9 13
99 6 11 11
100 6 11 16
1 7 9 12
2 7 11 13
3 7 10 12
4 7 9 18
5 7 11 12
6 7 11 17
7 7 10 19
8 7 11 13
9 7 10 11
10 7 10 13
11 7 10 13
12 7 11 14
13 7 11 13
14 7 9 12
15 7 10 12
16 7 11 18
17 7 9 13
18 7 10 16
19 7 11 13
20 7 11 17
21 7 10 12
22 7 9 20
23 7 9 14
24 7 9 13
25 7 9 20
26 7 11 15
27 7 10 11
28 7 9 13
29 7 10 17
30 7 10 15
31 7 11 19
32 7 10 18
33 7 9 15
34 7 9 14
35 7 9 13
36 7 9 16
37 7 9 14
38 7 10 12
39 7 10 14
40 7 11 17
41 7 10 13
42 7 10 11
43 7 11 14
44 7 10 14
45 7 11 11
46 7 10 18
47 7 11 20
48 7 10 19
49 7 9 17
50 7 11 16
51 7 10 13
52 7 11 20
53 7 11 15
54 7 10 13
55 7 9 11
56 7 9 14
57 7 9 11
58 7 11 14
59 7 10 16
60 7 11 17
61 7 11 18
62 7 10 20
63 7 10 11
64 7 10 20
65 7 10 11
66 7 9 12
67 7 10 18
68 7 9 16
69 7 11 20
70 7 9 17
71 7 9 11
72 7 10 18
73 7 9 18
74 7 10 13
75 7 11 19
76 7 11 20
77 7 11 14
78 7 11 18
79 7 10 20
80 7 9 19
81 7 9 20
82 7 11 17
83 7 9 15
84 7 9 20
85 7 10 13
86 7 9 16
87 7 11 19
88 7 11 16
89 7 9 12
90 7 11 20
91 7 9 14
92 7 11 19
93 7 10 20
94 7 11 13
95 7 10 13
96 7 9 19
97 7 10 13
98 7 10 14
99 7 11 16
100 7 11 11
1 8 10 14
2 8 9 17
3 8 10 16
4 8 9 15
5 8 9 14
6 8 10 19
7 8 9 17
8 8 10 19
9 8 10 18
10 8 10 18
11 8 9 13
12 8 9 11
13 8 11 19
14 8 10 13
15 8 9 17
16 8 10 13
17 8 9 16
18 8 9 15
19 8 11 20
20 8 9 17
21 8 11 11
22 8 9 20
23 8 9 14
24 8 10 19
25 8 10 18
26 8 11 18
27 8 10 17
28 8 10 19
29 8 11 20
30 8 10 20
31 8 10 14
32 8 10 13
33 8 11 19
34 8 9 14
35 8 11 14
36 8 11 18
37 8 10 20
38 8 11 11
39 8 10 16
40 8 9 12
41 8 10 20
42 8 10 11
43 8 10 19
44 8 9 19
45 8 11 15
46 8 10 13
47 8 11 16
48 8 11 19
49 8 9 19
50 8 10 16
51 8 10 15
52 8 10 14
53 8 11 15
54 8 11 17
55 8 11 18
56 8 11 11
57 8 11 16
58 8 10 13
59 8 9 13
60 8 11 11
61 8 10 15
62 8 11 11
63 8 11 11
64 8 9 19
65 8 11 11
66 8 10 16
67 8 11 16
68 8 10 20
69 8 10 13
70 8 9 12
71 8 10 20
72 8 11 12
73 8 10 11
74 8 11 20
75 8 11 14
76 8 11 12
77 8 10 13
78 8 10 20
79 8 9 16
80 8 10 14
81 8 9 18
82 8 11 18
83 8 9 15
84 8 10 17
85 8 9 20
86 8 9 14
87 8 11 16
88 8 9 16
89 8 9 20
90 8 10 15
91 8 9 12
92 8 10 19
93 8 10 16
94 8 9 20
95 8 9 15
96 8 11 19
97 8 9 12
98 8 11 12
99 8 10 15
100 8 9 20
1 9 9 19
2 9 11 16
3 9 11 16
4 9 9 16
5 9 10 16
6 9 9 17
7 9 11 11
8 9 11 15
9 9 11 15
10 9 10 12
11 9 11 16
12 9 10 20
13 9 11 14
14 9 10 18
15 9 11 16
16 9 9 17
17 9 11 16
18 9 10 13
19 9 9 11
20 9 9 20
21 9 10 18
22 9 10 19
23 9 9 16
24 9 11 20
25 9 11 20
26 9 11 20
27 9 10 18
28 9 9 12
29 9 10 12
30 9 11 13
31 9 9 18
32 9 10 20
33 9 11 20
34 9 11 16
35 9 10 18
36 9 9 18
37 9 11 12
38 9 9 17
39 9 11 12
40 9 9 17
41 9 11 12
42 9 9 14
43 9 11 14
44 9 11 15
45 9 11 19
46 9 11 12
47 9 11 15
48 9 9 11
49 9 11 17
50 9 10 12
51 9 9 20
52 9 10 15
53 9 10 17
54 9 9 15
55 9 9 15
56 9 9 15
57 9 9 18
58 9 9 20
59 9 9 15
60 9 11 19
61 9 9 18
62 9 9 16
63 9 9 18
64 9 10 16
65 9 10 14
66 9 9 13
67 9 9 20
68 9 9 19
69 9 11 15
70 9 11 13
71 9 9 18
72 9 11 19
73 9 10 11
74 9 9 18
75 9 9 20
76 9 10 17
77 9 9 17
78 9 10 19
79 9 11 12
80 9 9 13
81 9 10 11
82 9 11 19
83 9 11 12
84 9 9 15
85 9 10 16
86 9 10 16
87 9 9 14
88 9 9 15
89 9 10 14
90 9 11 19
91 9 11 14
92 9 9 18
93 9 9 16
94 9 11 20
95 9 9 11
96 9 11 11
97 9 11 15
98 9 9 13
99 9 11 11
100 9 11 16
1 10 9 12
2 10 11 13
3 10 10 12
4 10 9 18
5 10 11 12
6 10 11 17
7 10 10 19
8 10 11 13
9 10 10 11
10 10 10 13
11 10 10 13
12 10 11 14
13 10 11 13
14 10 9 12
15 10 10 12
16 10 11 18
17 10 9 13
18 10 10 16
19 10 11 13
20 10 11 17
21 10 10 12
22 10 9 20
23 10 9 14
24 10 9 13
25 10 9 20
26 10 11 15
27 10 10 11
28 10 9 13
29 10 10 17
30 10 10 15
31 10 11 19
32 10 10 18
33 10 9 15
34 10 9 14
35 10 9 13
36 10 9 16
37 10 9 14
38 10 10 12
39 10 10 14
40 10 11 17
41 10 10 13
42 10 10 11
43 10 11 14
44 10 10 14
45 10 11 11
46 10 10 18
47 10 11 20
48 10 10 19
49 10 9 17
50 10 11 16
51 10 10 13
52 10 11 20
53 10 11 15
54 10 10 13
55 10 9 11
56 10 9 14
57 10 9 11
58 10 11 14
59 10 10 16
60 10 11 17
61 10 11 18
62 10 10 20
63 10 10 11
64 10 10 20
65 10 10 11
66 10 9 12
67 10 10 18
68 10 9 16
69 10 11 20
70 10 9 17
71 10 9 11
72 10 10 18
73 10 9 18
74 10 10 13
75 10 11 19
76 10 11 20
77 10 11 14
78 10 11 18
79 10 10 20
80 10 9 19
81 10 9 20
82 10 11 17
83 10 9 15
84 10 9 20
85 10 10 13
86 10 9 16
87 10 11 19
88 10 11 16
89 10 9 12
90 10 11 20
91 10 9 14
92 10 11 19
93 10 10 20
94 10 11 13
95 10 10 13
96 10 9 19
97 10 10 13
98 10 10 14
99 10 11 16
100 10 11 11
1 11 10 14
2 11 9 17
3 11 10 16
4 11 9 15
5 11 9 14
6 11 10 19
7 11 9 17
8 11 10 19
9 11 10 18
10 11 10 18
11 11 9 13
12 11 9 11
13 11 11 19
14 11 10 13
15 11 9 17
16 11 10 13
17 11 9 16
18 11 9 15
19 11 11 20
20 11 9 17
21 11 11 11
22 11 9 20
23 11 9 14
24 11 10 19
25 11 10 18
26 11 11 18
27 11 10 17
28 11 10 19
29 11 11 20
30 11 10 20
31 11 10 14
32 11 10 13
33 11 11 19
34 11 9 14
35 11 11 14
36 11 11 18
37 11 10 20
38 11 11 11
39 11 10 16
40 11 9 12
41 11 10 20
42 11 10 11
43 11 10 19
44 11 9 19
45 11 11 15
46 11 10 13
47 11 11 16
48 11 11 19
49 11 9 19
50 11 10 16
51 11 10 15
52 11 10 14
53 11 11 15
54 11 11 17
55 11 11 18
56 11 11 11
57 11 11 16
58 11 10 13
59 11 9 13
60 11 11 11
61 11 10 15
62 11 11 11
63 11 11 11
64 11 9 19
65 11 11 11
66 11 10 16
67 11 11 16
68 11 10 20
69 11 10 13
70 11 9 12
71 11 10 20
72 11 11 12
73 11 10 11
74 11 11 20
75 11 11 14
76 11 11 12
77 11 10 13
78 11 10 20
79 11 9 16
80 11 10 14
81 11 9 18
82 11 11 18
83 11 9 15
84 11 10 17
85 11 9 20
86 11 9 14
87 11 11 16
88 11 9 16
89 11 9 20
90 11 10 15
91 11 9 12
92 11 10 19
93 11 10 16
94 11 9 20
95 11 9 15
96 11 11 19
97 11 9 12
98 11 11 12
99 11 10 15
100 11 9 20
1 12 9 19
2 12 11 16
3 12 11 16
4 12 9 16
5 12 10 16
6 12 9 17
7 12 11 11
8 12 11 15
9 12 11 15
10 12 10 12
11 12 11 16
12 12 10 20
13 12 11 14
14 12 10 18
15 12 11 16
16 12 9 17
17 12 11 16
18 12 10 13
19 12 9 11
20 12 9 20
21 12 10 18
22 12 10 19
23 12 9 16
24 12 11 20
25 12 11 20
26 12 11 20
27 12 10 18
28 12 9 12
29 12 10 12
30 12 11 13
31 12 9 18
32 12 10 20
33 12 11 20
34 12 11 16
35 12 10 18
36 12 9 18
37 12 11 12
38 12 9 17
39 12 11 12
40 12 9 17
41 12 11 12
42 12 9 14
43 12 11 14
44 12 11 15
45 12 11 19
46 12 11 12
47 12 11 15
48 12 9 11
49 12 11 17
50 12 10 12
51 12 9 20
52 12 10 15
53 12 10 17
54 12 9 15
55 12 9 15
56 12 9 15
57 12 9 18
58 12 9 20
59 12 9 15
60 12 11 19
61 12 9 18
62 12 9 16
63 12 9 18
64 12 10 16
65 12 10 14
66 12 9 13
67 12 9 20
68 12 9 19
69 12 11 15
70 12 11 13
71 12 9 18
72 12 11 19
73 12 10 11
74 12 9 18
75 12 9 20
76 12 10 17
77 12 9 17
78 12 10 19
79 12 11 12
80 12 9 13
81 12 10 11
82 12 11 19
83 12 11 12
84 12 9 15
85 12 10 16
86 12 10 16
87 12 9 14
88 12 9 15
89 12 10 14
90 12 11 19
91 12 11 14
92 12 9 18
93 12 9 16
94 12 11 20
95 12 9 11
96 12 11 11
97 12 11 15
98 12 9 13
99 12 11 11
100 12 11 16
1 13 9 12
2 13 11 13
3 13 10 12
4 13 9 18
5 13 11 12
6 13 11 17
7 13 10 19
8 13 11 13
9 13 10 11
10 13 10 13
11 13 10 13
12 13 11 14
13 13 11 13
14 13 9 12
15 13 10 12
16 13 11 18
17 13 9 13
18 13 10 16
19 13 11 13
20 13 11 17
21 13 10 12
22 13 9 20
23 13 9 14
24 13 9 13
25 13 9 20
26 13 11 15
27 13 10 11
28 13 9 13
29 13 10 17
30 13 10 15
31 13 11 19
32 13 10 18
33 13 9 15
34 13 9 14
35 13 9 13
36 13 9 16
37 13 9 14
38 13 10 12
39 13 10 14
40 13 11 17
41 13 10 13
42 13 10 11
43 13 11 14
44 13 10 14
45 13 11 11
46 13 10 18
47 13 11 20
48 13 10 19
49 13 9 17
50 13 11 16
51 13 10 13
52 13 11 20
53 13 11 15
54 13 10 13
55 13 9 11
56 13 9 14
57 13 9 11
58 13 11 14
59 13 10 16
60 13 11 17
61 13 11 18
62 13 10 20
63 13 10 11
64 13 10 20
65 13 10 11
66 13 9 12
67 13 10 18
68 13 9 16
69 13 11 20
70 13 9 17
71 13 9 11
72 13 10 18
73 13 9 18
74 13 10 13
75 13 11 19
76 13 11 20
77 13 11 14
78 13 11 18
79 13 10 20
80 13 9 19
81 13 9 20
82 13 11 17
83 13 9 15
84 13 9 20
85 13 10 13
86 13 9 16
87 13 11 19
88 13 11 16
89 13 9 12
90 13 11 20
91 13 9 14
92 13 11 19
93 13 10 20
94 13 11 13
95 13 10 13
96 13 9 19
97 13 10 13
98 13 10 14
99 13 11 16
100 13 11 11
1 14 10 14
2 14 9 17
3 14 10 16
4 14 9 15
5 14 9 14
6 14 10 19
7 14 9 17
8 14 10 19
9 14 10 18
10 14 10 18
11 14 9 13
12 14 9 11
13 14 11 19
14 14 10 13
15 14 9 17
16 14 10 13
17 14 9 16
18 14 9 15
19 14 11 20
20 14 9 17
21 14 11 11
22 14 9 20
23 14 9 14
24 14 10 19
25 14 10 18
26 14 11 18
27 14 10 17
28 14 10 19
29 14 11 20
30 14 10 20
31 14 10 14
32 14 10 13
33 14 11 19
34 14 9 14
35 14 11 14
36 14 11 18
37 14 10 20
38 14 11 11
39 14 10 16
40 14 9 12
41 14 10 20
42 14 10 11
43 14 10 19
44 14 9 19
45 14 11 15
46 14 10 13
47 14 11 16
48 14 11 19
49 14 9 19
50 14 10 16
51 14 10 15
52 14 10 14
53 14 11 15
54 14 11 17
55 14 11 18
56 14 11 11
57 14 11 16
58 14 10 13
59 14 9 13
60 14 11 11
61 14 10 15
62 14 11 11
63 14 11 11
64 14 9 19
65 14 11 11
66 14 10 16
67 14 11 16
68 14 10 20
69 14 10 13
70 14 9 12
71 14 10 20
72 14 11 12
73 14 10 11
74 14 11 20
75 14 11 14
76 14 11 12
77 14 10 13
78 14 10 20
79 14 9 16
80 14 10 14
81 14 9 18
82 14 11 18
83 14 9 15
84 14 10 17
85 14 9 20
86 14 9 14
87 14 11 16
88 14 9 16
89 14 9 20
90 14 10 15
91 14 9 12
92 14 10 19
93 14 10 16
94 14 9 20
95 14 9 15
96 14 11 19
97 14 9 12
98 14 11 12
99 14 10 15
100 14 9 20
1 15 9 19
2 15 11 16
3 15 11 16
4 15 9 16
5 15 10 16
6 15 9 17
7 15 11 11
8 15 11 15
9 15 11 15
10 15 10 12
11 15 11 16
12 15 10 20
13 15 11 14
14 15 10 18
15 15 11 16
16 15 9 17
17 15 11 16
18 15 10 13
19 15 9 11
20 15 9 20
21 15 10 18
22 15 10 19
23 15 9 16
24 15 11 20
25 15 11 20
26 15 11 20
27 15 10 18
28 15 9 12
29 15 10 12
30 15 11 13
31 15 9 18
32 15 10 20
33 15 11 20
34 15 11 16
35 15 10 18
36 15 9 18
37 15 11 12
38 15 9 17
39 15 11 12
40 15 9 17
41 15 11 12
42 15 9 14
43 15 11 14
44 15 11 15
45 15 11 19
46 15 11 12
47 15 11 15
48 15 9 11
49 15 11 17
50 15 10 12
51 15 9 20
52 15 10 15
53 15 10 17
54 15 9 15
55 15 9 15
56 15 9 15
57 15 9 18
58 15 9 20
59 15 9 15
60 15 11 19
61 15 9 18
62 15 9 16
63 15 9 18
64 15 10 16
65 15 10 14
66 15 9 13
67 15 9 20
68 15 9 19
69 15 11 15
70 15 11 13
71 15 9 18
72 15 11 19
73 15 10 11
74 15 9 18
75 15 9 20
76 15 10 17
77 15 9 17
78 15 10 19
79 15 11 12
80 15 9 13
81 15 10 11
82 15 11 19
83 15 11 12
84 15 9 15
85 15 10 16
86 15 10 16
87 15 9 14
88 15 9 15
89 15 10 14
90 15 11 19
91 15 11 14
92 15 9 18
93 15 9 16
94 15 11 20
95 15 9 11
96 15 11 11
97 15 11 15
98 15 9 13
99 15 11 11
100 15 11 16
1 16 9 19
2 16 11 16
3 16 11 16
4 16 9 16
5 16 10 16
6 16 9 17
7 16 11 11
8 16 11 15
9 16 11 15
10 16 10 12
11 16 11 16
12 16 10 20
13 16 11 14
14 16 10 18
15 16 11 16
16 16 9 17
17 16 11 16
18 16 10 13
19 16 9 11
20 16 9 20
21 16 10 18
22 16 10 19
23 16 9 16
24 16 11 20
25 16 11 20
26 16 11 20
27 16 10 18
28 16 9 12
29 16 10 12
30 16 11 13
31 16 9 18
32 16 10 20
33 16 11 20
34 16 11 16
35 16 10 18
36 16 9 18
37 16 11 12
38 16 9 17
39 16 11 12
40 16 9 17
41 16 11 12
42 16 9 14
43 16 11 14
44 16 11 15
45 16 11 19
46 16 11 12
47 16 11 15
48 16 9 11
49 16 11 17
50 16 10 12
51 16 9 20
52 16 10 15
53 16 10 17
54 16 9 15
55 16 9 15
56 16 9 15
57 16 9 18
58 16 9 20
59 16 9 15
60 16 11 19
61 16 9 18
62 16 9 16
63 16 9 18
64 16 10 16
65 16 10 14
66 16 9 13
67 16 9 20
68 16 9 19
69 16 11 15
70 16 11 13
71 16 9 18
72 16 11 19
73 16 10 11
74 16 9 18
75 16 9 20
76 16 10 17
77 16 9 17
78 16 10 19
79 16 11 12
80 16 9 13
81 16 10 11
82 16 11 19
83 16 11 12
84 16 9 15
85 16 10 16
86 16 10 16
87 16 9 14
88 16 9 15
89 16 10 14
90 16 11 19
91 16 11 14
92 16 9 18
93 16 9 16
94 16 11 20
95 16 9 11
96 16 11 11
97 16 11 15
98 16 9 13
99 16 11 11
100 16 11 16
1 17 9 19
2 17 11 16
3 17 11 16
4 17 9 16
5 17 10 16
6 17 9 17
7 17 11 11
8 17 11 15
9 17 11 15
10 17 10 12
11 17 11 16
12 17 10 20
13 17 11 14
14 17 10 18
15 17 11 16
16 17 9 17
17 17 11 16
18 17 10 13
19 17 9 11
20 17 9 20
21 17 10 18
22 17 10 19
23 17 9 16
24 17 11 20
25 17 11 20
26 17 11 20
27 17 10 18
28 17 9 12
29 17 10 12
30 17 11 13
31 17 9 18
32 17 10 20
33 17 11 20
34 17 11 16
35 17 10 18
36 17 9 18
37 17 11 12
38 17 9 17
39 17 11 12
40 17 9 17
41 17 11 12
42 17 9 14
43 17 11 14
44 17 11 15
45 17 11 19
46 17 11 12
47 17 11 15
48 17 9 11
49 17 11 17
50 17 10 12
51 17 9 20
52 17 10 15
53 17 10 17
54 17 9 15
55 17 9 15
56 17 9 15
57 17 9 18
58 17 9 20
59 17 9 15
60 17 11 19
61 17 9 18
62 17 9 16
63 17 9 18
64 17 10 16
65 17 10 14
66 17 9 13
67 17 9 20
68 17 9 19
69 17 11 15
70 17 11 13
71 17 9 18
72 17 11 19
73 17 10 11
74 17 9 18
75 17 9 20
76 17 10 17
77 17 9 17
78 17 10 19
79 17 11 12
80 17 9 13
81 17 10 11
82 17 11 19
83 17 11 12
84 17 9 15
85 17 10 16
86 17 10 16
87 17 9 14
88 17 9 15
89 17 10 14
90 17 11 19
91 17 11 14
92 17 9 18
93 17 9 16
94 17 11 20
95 17 9 11
96 17 11 11
97 17 11 15
98 17 9 13
99 17 11 11
100 17 11 16
1 18 9 19
2 18 11 16
3 18 11 16
4 18 9 16
5 18 10 16
6 18 9 17
7 18 11 11
8 18 11 15
9 18 11 15
10 18 10 12
11 18 11 16
12 18 10 20
13 18 11 14
14 18 10 18
15 18 11 16
16 18 9 17
17 18 11 16
18 18 10 13
19 18 9 11
20 18 9 20
21 18 10 18
22 18 10 19
23 18 9 16
24 18 11 20
25 18 11 20
26 18 11 20
27 18 10 18
28 18 9 12
29 18 10 12
30 18 11 13
31 18 9 18
32 18 10 20
33 18 11 20
34 18 11 16
35 18 10 18
36 18 9 18
37 18 11 12
38 18 9 17
39 18 11 12
40 18 9 17
41 18 11 12
42 18 9 14
43 18 11 14
44 18 11 15
45 18 11 19
46 18 11 12
47 18 11 15
48 18 9 11
49 18 11 17
50 18 10 12
51 18 9 20
52 18 10 15
53 18 10 17
54 18 9 15
55 18 9 15
56 18 9 15
57 18 9 18
58 18 9 20
59 18 9 15
60 18 11 19
61 18 9 18
62 18 9 16
63 18 9 18
64 18 10 16
65 18 10 14
66 18 9 13
67 18 9 20
68 18 9 19
69 18 11 15
70 18 11 13
71 18 9 18
72 18 11 19
73 18 10 11
74 18 9 18
75 18 9 20
76 18 10 17
77 18 9 17
78 18 10 19
79 18 11 12
80 18 9 13
81 18 10 11
82 18 11 19
83 18 11 12
84 18 9 15
85 18 10 16
86 18 10 16
87 18 9 14
88 18 9 15
89 18 10 14
90 18 11 19
91 18 11 14
92 18 9 18
93 18 9 16
94 18 11 20
95 18 9 11
96 18 11 11
97 18 11 15
98 18 9 13
99 18 11 11
100 18 11 16
1 19 9 19
2 19 11 16
3 19 11 16
4 19 9 16
5 19 10 16
6 19 9 17
7 19 11 11
8 19 11 15
9 19 11 15
10 19 10 12
11 19 11 16
12 19 10 20
13 19 11 14
14 19 10 18
15 19 11 16
16 19 9 17
17 19 11 16
18 19 10 13
19 19 9 11
20 19 9 20
21 19 10 18
22 19 10 19
23 19 9 16
24 19 11 20
25 19 11 20
26 19 11 20
27 19 10 18
28 19 9 12
29 19 10 12
30 19 11 13
31 19 9 18
32 19 10 20
33 19 11 20
34 19 11 16
35 19 10 18
36 19 9 18
37 19 11 12
38 19 9 17
39 19 11 12
40 19 9 17
41 19 11 12
42 19 9 14
43 19 11 14
44 19 11 15
45 19 11 19
46 19 11 12
47 19 11 15
48 19 9 11
49 19 11 17
50 19 10 12
51 19 9 20
52 19 10 15
53 19 10 17
54 19 9 15
55 19 9 15
56 19 9 15
57 19 9 18
58 19 9 20
59 19 9 15
60 19 11 19
61 19 9 18
62 19 9 16
63 19 9 18
64 19 10 16
65 19 10 14
66 19 9 13
67 19 9 20
68 19 9 19
69 19 11 15
70 19 11 13
71 19 9 18
72 19 11 19
73 19 10 11
74 19 9 18
75 19 9 20
76 19 10 17
77 19 9 17
78 19 10 19
79 19 11 12
80 19 9 13
81 19 10 11
82 19 11 19
83 19 11 12
84 19 9 15
85 19 10 16
86 19 10 16
87 19 9 14
88 19 9 15
89 19 10 14
90 19 11 19
91 19 11 14
92 19 9 18
93 19 9 16
94 19 11 20
95 19 9 11
96 19 11 11
97 19 11 15
98 19 9 13
99 19 11 11
100 19 11 16
1 20 9 19
2 20 11 16
3 20 11 16
4 20 9 16
5 20 10 16
6 20 9 17
7 20 11 11
8 20 11 15
9 20 11 15
10 20 10 12
11 20 11 16
12 20 10 20
13 20 11 14
14 20 10 18
15 20 11 16
16 20 9 17
17 20 11 16
18 20 10 13
19 20 9 11
20 20 9 20
21 20 10 18
22 20 10 19
23 20 9 16
24 20 11 20
25 20 11 20
26 20 11 20
27 20 10 18
28 20 9 12
29 20 10 12
30 20 11 13
31 20 9 18
32 20 10 20
33 20 11 20
34 20 11 16
35 20 10 18
36 20 9 18
37 20 11 12
38 20 9 17
39 20 11 12
40 20 9 17
41 20 11 12
42 20 9 14
43 20 11 14
44 20 11 15
45 20 11 19
46 20 11 12
47 20 11 15
48 20 9 11
49 20 11 17
50 20 10 12
51 20 9 20
52 20 10 15
53 20 10 17
54 20 9 15
55 20 9 15
56 20 9 15
57 20 9 18
58 20 9 20
59 20 9 15
60 20 11 19
61 20 9 18
62 20 9 16
63 20 9 18
64 20 10 16
65 20 10 14
66 20 9 13
67 20 9 20
68 20 9 19
69 20 11 15
70 20 11 13
71 20 9 18
72 20 11 19
73 20 10 11
74 20 9 18
75 20 9 20
76 20 10 17
77 20 9 17
78 20 10 19
79 20 11 12
80 20 9 13
81 20 10 11
82 20 11 19
83 20 11 12
84 20 9 15
85 20 10 16
86 20 10 16
87 20 9 14
88 20 9 15
89 20 10 14
90 20 11 19
91 20 11 14
92 20 9 18
93 20 9 16
94 20 11 20
95 20 9 11
96 20 11 11
97 20 11 15
98 20 9 13
99 20 11 11
100 20 11 16
